295.474 293.142 1
356.395 346.395 -1
311.046 322.574 1
469.290 403.720 -1
217.737 316.529 1
341.193 417.219 -1
333.963 270.860 1
350.810 417.502 -1
307.925 302.753 1
429.423 329.486 -1
223.052 288.461 1
429.786 376.647 -1
297.444 399.044 1
396.871 374.310 -1
279.540 301.543 1
389.107 393.282 -1
326.101 373.695 1
404.075 383.989 -1
371.240 276.483 1
425.016 370.846 -1
293.256 355.836 1
358.729 434.205 -1
213.823 359.051 1
397.579 409.078 -1
296.531 339.085 1
361.999 487.553 -1
329.485 301.644 1
415.387 408.603 -1
248.455 282.267 1
409.998 394.251 -1
249.788 345.492 1
476.966 408.664 -1
338.057 307.556 1
335.744 424.167 -1
313.944 288.525 1
415.281 416.787 -1
278.831 377.348 1
373.777 316.630 -1
320.946 261.916 1
302.662 368.663 -1
303.114 264.042 1
369.168 440.518 -1
343.477 265.840 1
381.056 334.895 -1
308.227 357.463 1
381.230 463.041 -1
290.298 261.539 1
347.198 304.396 -1
290.661 343.489 1
419.134 374.344 -1
387.258 336.255 1
406.128 422.415 -1
305.144 315.779 1
434.889 437.720 -1
291.818 252.716 1
347.641 327.529 -1
363.877 286.515 1
342.510 356.154 -1
276.460 296.982 1
348.842 341.882 -1
357.355 308.471 1
379.672 354.382 -1
329.584 369.334 1
341.785 406.526 -1
274.872 285.740 1
322.492 414.573 -1
244.255 323.432 1
348.679 358.184 -1
336.978 349.159 1
472.146 356.212 -1
257.222 287.812 1
396.866 457.571 -1
247.822 246.559 1
401.934 344.822 -1
300.916 273.822 1
374.546 354.871 -1
332.819 368.670 1
351.570 399.959 -1
336.139 281.134 1
487.116 490.508 -1
269.288 375.419 1
456.823 341.296 -1
413.116 225.359 1
445.030 420.456 -1
239.776 255.379 1
431.351 398.925 -1
268.530 315.055 1
444.225 382.188 -1
353.296 333.955 1
394.906 330.156 -1
268.883 272.665 1
403.692 382.280 -1
302.666 260.313 1
412.518 359.818 -1
305.186 245.771 1
444.191 411.862 -1
336.767 322.403 1
301.819 313.294 -1
339.870 305.068 1
483.772 381.317 -1
361.401 319.215 1
419.197 437.035 -1
244.444 359.615 1
410.122 406.924 -1
352.922 344.916 1
386.914 373.014 -1
315.687 272.215 1
371.900 398.023 -1
346.772 302.927 1
458.645 321.430 -1
297.195 278.613 1
416.856 415.637 -1
329.893 315.974 1
446.842 419.581 -1
303.688 316.998 1
288.099 385.586 -1
356.589 283.573 1
488.262 445.883 -1
327.733 314.246 1
464.675 323.108 -1
225.724 348.641 1
392.992 354.125 -1
333.821 293.225 1
393.781 505.542 -1
303.239 320.574 1
375.514 491.819 -1
291.181 316.523 1
451.185 365.789 -1
256.668 282.978 1
359.908 444.756 -1
286.268 225.642 1
338.815 380.179 -1
267.613 290.164 1
323.132 304.124 -1
230.452 279.912 1
477.557 324.891 -1
266.882 292.308 1
372.345 374.642 -1
279.571 278.902 1
387.405 404.560 -1
284.100 336.337 1
418.245 367.682 -1
257.090 316.517 1
467.516 373.705 -1
276.668 236.818 1
360.814 382.678 -1
272.301 379.888 1
318.761 340.742 -1
282.080 348.295 1
357.808 453.197 -1
300.564 263.532 1
392.884 436.580 -1
314.535 326.305 1
415.131 368.082 -1
252.002 292.361 1
356.918 392.168 -1
285.385 279.585 1
459.897 379.898 -1
321.795 304.233 1
377.206 332.583 -1
303.842 338.528 1
405.572 354.371 -1
328.387 289.192 1
366.621 418.164 -1
301.498 325.733 1
379.261 410.584 -1
266.671 292.035 1
372.854 390.379 -1
357.834 193.396 1
439.391 341.528 -1
352.051 345.014 1
439.732 426.711 -1
304.025 299.035 1
465.866 437.567 -1
303.412 358.417 1
388.251 401.359 -1
319.248 234.871 1
355.794 375.086 -1
370.044 336.044 1
350.476 415.015 -1
341.972 345.572 1
401.254 479.387 -1
256.857 255.265 1
438.443 417.508 -1
335.683 309.769 1
419.135 431.123 -1
269.148 286.483 1
382.316 351.520 -1
279.208 328.415 1
390.895 423.572 -1
275.612 255.440 1
370.797 374.495 -1
250.133 269.250 1
406.892 403.015 -1
346.084 330.429 1
418.882 399.616 -1
256.849 325.902 1
299.282 379.788 -1
300.701 270.325 1
450.676 377.127 -1
334.589 339.345 1
402.254 486.400 -1
290.313 295.422 1
383.806 420.412 -1
325.624 323.248 1
391.088 439.141 -1
288.522 302.087 1
456.286 412.765 -1
326.509 384.491 1
372.571 437.194 -1
335.886 279.830 1
374.958 413.862 -1
302.295 338.448 1
369.152 353.485 -1
314.261 349.199 1
399.876 391.694 -1
296.264 316.501 1
432.506 352.290 -1
271.974 381.176 1
408.315 296.536 -1
314.516 167.673 1
417.261 412.992 -1
301.793 254.462 1
401.301 448.908 -1
333.069 253.715 1
418.538 383.000 -1
289.445 223.851 1
432.293 310.261 -1
345.260 335.302 1
396.066 386.282 -1
326.460 330.685 1
394.568 373.493 -1
296.585 198.626 1
372.536 446.673 -1
287.289 316.884 1
314.084 414.356 -1
272.157 339.847 1
404.871 324.795 -1
306.325 309.878 1
374.888 448.723 -1
255.642 301.557 1
439.503 421.342 -1
282.016 347.840 1
447.827 450.731 -1
353.150 296.857 1
365.363 405.661 -1
287.622 264.480 1
401.991 305.166 -1
293.779 362.916 1
387.583 356.432 -1
296.343 279.766 1
488.898 423.495 -1
323.961 272.622 1
311.411 476.218 -1
303.164 280.624 1
341.390 483.105 -1
301.709 283.721 1
459.951 360.935 -1
363.004 326.588 1
406.793 431.718 -1
245.710 294.687 1
395.230 415.600 -1
315.830 341.216 1
401.940 355.388 -1
300.639 292.443 1
469.999 419.744 -1
246.374 337.559 1
420.654 428.952 -1
297.070 278.893 1
336.284 381.908 -1
256.889 338.015 1
451.155 456.554 -1
302.148 308.409 1
402.789 411.215 -1
298.988 343.908 1
365.289 424.807 -1
269.254 310.002 1
402.822 418.190 -1
269.801 263.644 1
333.108 432.228 -1
311.957 247.496 1
431.670 372.595 -1
292.162 328.586 1
435.845 485.531 -1
239.572 325.562 1
325.136 381.150 -1
260.251 296.663 1
438.797 375.487 -1
270.655 338.332 1
408.476 347.840 -1
260.283 340.409 1
382.442 466.145 -1
342.775 261.578 1
435.622 319.139 -1
192.967 382.940 1
339.397 387.582 -1
310.567 303.768 1
333.748 426.165 -1
312.375 373.627 1
411.466 396.338 -1
234.972 306.393 1
421.310 464.368 -1
301.090 273.562 1
356.130 326.220 -1
318.910 248.920 1
343.949 386.622 -1
345.872 302.229 1
369.311 380.514 -1
290.852 345.887 1
342.466 422.629 -1
313.375 228.046 1
342.110 436.268 -1
451.444 285.295 1
405.982 465.389 -1
176.294 322.311 1
488.636 321.156 -1
293.223 296.257 1
479.721 392.519 -1
250.975 259.337 1
463.935 387.794 -1
232.709 294.153 1
423.853 336.930 -1
335.919 309.856 1
374.914 435.387 -1
225.903 278.936 1
455.949 461.892 -1
320.942 270.174 1
364.946 384.394 -1
310.619 264.633 1
378.838 500.186 -1
360.897 314.562 1
338.013 450.694 -1
356.813 330.111 1
410.694 431.006 -1
296.914 273.501 1
375.889 422.435 -1
308.023 371.724 1
443.914 388.958 -1
322.737 347.910 1
309.715 350.997 -1
273.014 320.877 1
370.686 474.739 -1
324.045 350.860 1
463.911 382.328 -1
333.693 268.713 1
388.063 488.291 -1
302.278 303.184 1
436.755 459.510 -1
366.019 270.004 1
383.662 380.643 -1
229.816 319.878 1
421.671 322.679 -1
279.804 371.097 1
430.316 362.623 -1
348.326 293.024 1
285.675 478.884 -1
283.132 337.449 1
391.092 384.783 -1
345.303 234.480 1
414.210 432.863 -1
311.749 308.045 1
359.579 399.355 -1
389.131 326.277 1
535.653 499.757 -1
291.520 324.928 1
348.456 452.659 -1
280.161 266.742 1
430.878 409.158 -1
296.469 317.799 1
370.431 457.895 -1
204.489 294.632 1
386.222 336.956 -1
294.085 240.782 1
382.397 353.186 -1
291.202 315.885 1
444.931 353.316 -1
304.252 292.244 1
400.404 478.088 -1
340.519 286.426 1
392.392 426.820 -1
264.623 285.245 1
420.192 450.983 -1
315.673 330.563 1
474.438 407.608 -1
320.031 323.559 1
355.952 357.863 -1
316.504 329.679 1
361.297 440.176 -1
296.675 260.290 1
436.415 406.783 -1
373.582 240.479 1
378.390 469.100 -1
248.848 357.678 1
402.106 416.827 -1
334.913 282.850 1
396.162 355.059 -1
285.752 324.610 1
374.278 432.792 -1
356.118 294.550 1
472.071 362.509 -1
373.991 286.611 1
409.766 381.892 -1
310.599 266.889 1
398.697 294.211 -1
320.818 296.952 1
379.854 430.410 -1
295.950 354.024 1
420.005 427.321 -1
259.112 323.786 1
376.338 397.751 -1
295.062 399.019 1
404.311 346.957 -1
273.608 304.367 1
460.106 504.915 -1
332.467 303.456 1
433.751 361.767 -1
279.703 309.018 1
460.378 407.584 -1
337.145 334.431 1
355.847 433.757 -1
263.583 269.906 1
453.280 343.913 -1
341.180 187.033 1
338.508 361.036 -1
377.247 292.695 1
360.502 408.568 -1
311.099 310.621 1
385.088 386.239 -1
261.932 282.936 1
388.932 418.169 -1
345.316 236.033 1
427.598 344.454 -1
265.146 316.477 1
401.084 429.704 -1
279.169 287.696 1
397.321 302.271 -1
341.027 306.955 1
381.651 381.938 -1
309.532 321.630 1
386.731 434.445 -1
236.788 324.909 1
467.507 403.925 -1
304.817 310.302 1
452.887 404.169 -1
349.581 323.326 1
352.991 331.280 -1
303.329 276.464 1
297.523 388.497 -1
330.153 332.760 1
366.554 361.067 -1
305.933 293.542 1
397.082 420.478 -1
289.389 225.376 1
404.249 386.920 -1
347.616 293.816 1
362.708 358.210 -1
319.970 255.675 1
408.576 398.101 -1
344.293 301.755 1
491.576 416.767 -1
362.112 282.778 1
423.497 457.229 -1
301.796 333.542 1
339.208 372.671 -1
334.687 278.393 1
414.266 322.869 -1
361.725 272.986 1
512.430 432.686 -1
355.378 262.207 1
380.876 472.825 -1
309.898 290.763 1
418.274 398.801 -1
275.204 337.747 1
494.502 449.159 -1
259.684 324.411 1
461.638 411.926 -1
307.170 350.635 1
347.949 369.686 -1
276.734 286.792 1
449.577 367.187 -1
283.130 320.828 1
307.592 392.320 -1
314.056 250.949 1
404.210 345.844 -1
276.128 316.272 1
360.696 458.629 -1
229.624 329.049 1
473.789 363.767 -1
284.477 325.227 1
374.763 493.806 -1
291.652 342.470 1
408.199 375.692 -1
303.689 295.935 1
456.202 376.709 -1
245.346 333.473 1
414.505 391.104 -1
257.662 272.969 1
349.113 389.463 -1
299.172 243.996 1
442.305 449.811 -1
270.907 250.283 1
414.639 387.015 -1
289.739 311.206 1
406.140 456.026 -1
298.378 357.718 1
466.161 375.537 -1
267.370 220.942 1
385.094 395.076 -1
308.229 187.666 1
454.162 444.453 -1
342.652 213.258 1
408.536 421.382 -1
361.839 325.568 1
412.202 410.490 -1
301.179 313.823 1
359.486 433.859 -1
282.587 217.685 1
393.788 415.297 -1
381.465 351.530 1
374.014 414.916 -1
329.880 278.889 1
413.919 393.700 -1
305.850 352.532 1
490.311 381.622 -1
320.734 276.882 1
433.403 396.587 -1
329.484 304.750 1
377.511 387.680 -1
277.993 288.613 1
380.032 412.583 -1
261.051 356.929 1
400.476 359.617 -1
301.534 372.991 1
405.388 412.514 -1
261.305 340.259 1
308.067 365.548 -1
263.706 284.462 1
445.218 334.844 -1
313.515 265.457 1
439.913 337.514 -1